0
0
0
0
0
0
0
0
0
0
0
0
0
0
0
0
0
0
0
0
0
0
0
0
0
0
0
0
0
0
0
0
0
0
0
0
0
0
0
0
0
0
0
0
0
0
0
0
0
0
0
0
0
0
0
0
0
0
0
0
0
0
0
0
0
0
0
0
0
0
0
0
0
0
0
0
0
0
0
0
0
0
0
0
0
0
0
0
0
0
0
0
0
0
0
0
0
0
0
0
5
1
5
3
2
1
1
1
5
5
6
5
6
5
22
2381
11
426
132
44
59
110
6
1
15
30
12
9
1
2
1
2
1
1
7
202
34
33
1
6
9
51
1
1
2
19
74
11
12
72
10
56
144
6
5
4
5
1
1
32
14
14
26
6
1
1
8
1
12
4
1
4
3
9
3
12
2
5
8
1
3
2
3
3
3
1
1
10
1
2
4
14
3
7
47
1
42
1
17
5
6
1
17
1
4
2
4
1
179
2
2
16
17
10
10
10
5
5
1
25
2
1
10
3
17
1
5
4
4
4
9
3
8
2
2
9
14
6
222
1
0
1
3
1
1
1
1
4
1
5
4
4
4
4
4
34
1
1
3
5
2
2
1
5
1
2
3
3
3
22
16
3
1
1
1
2
2
2
8
2
1
1
1
1
45
2
4
2
1
2
76
432
1
0
0
5
100
25
0
10
5
7
5
3
17
5
2
18
41
3
1
15
6
11
9
3
63
39
5
14
20
31
4
1
3
2
1
54
1
8
1
1
1
2
3
2
1
2
5
6
6
531
11
25
2
13
2
2
3
1
11
3
1
13
2
1
4
7
3
2
2
1
2
1
6
1
1
2
8
4
1
2
8
11
6
5
2
1
10
2
4
4
1
4
3
2
16
4
4
4
4
4
1
8
3
6
1
1
1
5
4
799
1
1
11
1
1
2
12
2
13
21
4
62
3
923
2
1
1
1
18
1
1
1
1
18
27
17
1
1
26
14
26
10
2
2
9
9
3
8
10
3
6
1
7
1
1
1
1
1
1
2
5
2
2
0
12
1
1
1
1
1
1
1
1
1
5
0
24
2
2
2
2
2
1
0
13
1
1
1
1
1
1
1
0
8
1
1
1
1
1
1
0
10
8
291
8
16
8
2
1
1
20
1
1
2
2
1
1
1
8
12
37
35
8
4
35
9
6
11
2
1
1
9
3
12
10
11
15
14
17
14
14
14
14
12
6
6
9
1
1
1
1
1
1
1
1
2
2
3
2
4
3
3
3
3
3
3
5
5
4
4
3
3
3
3
3
3
3
8
6
9
3
3
3
10
3
3
3
3
3
3
3
3
3
3
3
3
3
11
3
3
3
3
33
6
6
2
3
6
2
6
2
3
2
1
1
3
14
4
6
2
6
2
6
2
6
2
6
2
6
2
6
2
6
2
6
2
3
3
1
1
1
1
7
5
4
4
1
1
1
1
1
39
23
6
3
1
4
1
1
4
4
18
12
13
7
5
4
1
3
2
3
3
3
4
4
6
4
4
4
3
3
1
3
4
3
14
3
3
3
3
3
3
1
2
3
3
2
2
4
1
3
2
2
3
3
2
2
1
3
3
15
8
5
27
3
3
2
2
2
2
2
2
2
3
3
2
2
2
2
2
2
3
3
2
2
2
2
3
3
2
2
2
2
3
3
2
2
2
2
3
3
2
2
15
2
4
3
3
1
2
2
1
7
7
7
7
7
7
7
7
7
36
36
36
36
36
36
36
36
36
2
37
28
7
11
11
11
37
27
7
11
11
11
37
25
7
11
11
11
37
25
7
11
11
11
37
25
7
11
11
11
37
25
7
11
11
11
37
25
7
11
11
11
37
25
7
11
11
11
37
25
7
11
11
11
22
23
23
20
17
15
14
17
2
2
10
6
6
6
6
3
3
3
3
3
3
3
3
3
3
3
3
5
5
6
5
5
4
4
5
11
10
9
7
5
5
5
5
6
6
6
5
3
3
2
2
0
0
2
0
10
2
1
2
13
3
33
14
21
21
3
3
10
7
18
18
26
26
18
8
6
6
6
6
5
22
9
4
4
12
11
11
21
166
42
4
11
2
9
18
0
35
32
2
2
1
8
9
10
9
27
17
5
3
8
2
1
1
1
1
2
4
1
3
1
3
6
2
11
2
2
2
3
3
4
1
3
8
13
2
2
2
18
13
3
3
4
3
1
5
5
4
1
2
6
1
4
2
2
14
1
2
2
2
1
1
4
4
7
34
1
2
28
2
4
1
2
1
1
1
35
29
148
45
2
1
1
2
2
22
9
11
11
8
2
2
2
2
1
16
5
1
6
20
11
1
2
10
10
9
9
8
4
8
10
6
7
3
1
2
1
1
2
1
21
27
9
12
2
2
3
2
3
0
12
5
5
2
2
1
1
2
5
17
16
4
9
11
4
1
2
2
13
10
12
6
7
2
11
11
28
28
27
28
28
27
14
7
14
7
14
7
11
7
14
7
14
15
9
2
9
2
7
9
7
5
8
13
6
5
3
3
1
1
1
1
1
1
1
1
1
1
1
1
1
2
1
1
1
1
4
1
1
1
2
1
0
2
0
18
1
0
24
1
0
6
6
6
6
6
6
8
2
3
15
0
3
6
10
5
7
1
3
25
1
1
1
1
1
1
1
1
1
2
2
4
142
27
2
3
8
14
1
44
12
1
1
7
3
6
4
1
0
3
3
15
5
2
10
2
1
4
4
6
23
38
14
20
37
19
8
20
9
9
9
9
75
108
75
1
3
1
9
1
5
1
6
15
13
8
6
2
3
3
2
2
3
4
2
2
1
4
9
1
6
6
8
1
8
2
1
2
1
2
1
3
41
54
2
3
3
3
10
3
4
3
6
1213
1469
181
343
137
99
99
33
33
33
134
132
97
1
1
1
1
2
2
2
4
8
2
6
4
15
6
12
1
4
3
2
1
7
1
3
200
200
200
200
68
68
68
68
35
95
95
4
1
5
34
34
34
34
1
2
1
2
